         0 0000000000 (0)
         1 0000000101 (5)
         2 0011110010 (-14)
         3 0000001111 (15)
         4 0000010010 (18)
         5 0000010100 (20)
         6 0000011001 (25)
         7 0000101000 (40)
         8 0011110100 (-12)
         9 0000000101 (5)
        10 0000000000 (0)
        11 0011110111 (-9)
        12 0000000110 (6)
        13 0000010100 (20)
        14 0000011111 (31)
        15 0000101101 (45)
        16 0011111110 (-2)
        17 0000010010 (18)
        18 0000000100 (4)
        19 0000000011 (3)
        20 0000010001 (17)
        21 0000001000 (8)
        22 0000000000 (0)
        23 0000000000 (0)
        24 0000000000 (0)
        25 0000000000 (0)
        26 0010111010 (-70)
        27 0000000000 (0)
        28 0000000000 (0)
        29 0000000000 (0)
        30 0001000001 (65)
        31 0000000000 (0)
